Accuracy      : 0.9919
Precision     : 0.9919
Recall        : 0.9919
F1 Score      : 0.9919
Loss          : 0.0347
Training Time : 912.64 seconds

Classification Report
              precision    recall  f1-score   support

           0     0.9990    0.9959    0.9974       980
           1     0.9956    0.9912    0.9934      1135
           2     0.9923    0.9932    0.9927      1032
           3     0.9920    0.9881    0.9901      1010
           4     0.9929    0.9939    0.9934       982
           5     0.9834    0.9955    0.9894       892
           6     0.9958    0.9927    0.9942       958
           7     0.9826    0.9903    0.9864      1028
           8     0.9928    0.9908    0.9918       974
           9     0.9920    0.9881    0.9901      1009

    accuracy                         0.9919     10000
   macro avg     0.9918    0.9920    0.9919     10000
weighted avg     0.9919    0.9919    0.9919     10000


Confusion Matrix
[[ 976    0    1    0    1    0    1    1    0    0]
 [   0 1125    0    0    1    0    2    6    0    1]
 [   0    0 1025    1    0    0    0    5    1    0]
 [   0    1    1  998    0    6    0    2    2    0]
 [   0    2    0    0  976    0    0    0    0    4]
 [   0    0    0    3    0  888    1    0    0    0]
 [   0    0    0    0    2    4  951    0    1    0]
 [   0    2    5    0    0    0    0 1018    1    2]
 [   1    0    1    2    0    2    0    2  965    1]
 [   0    0    0    2    3    3    0    2    2  997]]