Accuracy      : 0.9931
Precision     : 0.9931
Recall        : 0.9931
F1 Score      : 0.9931
Loss          : 0.0201
Training Time : 1408.28 seconds

Classification Report
              precision    recall  f1-score   support

           0     0.9959    0.9969    0.9964       980
           1     0.9965    0.9956    0.9960      1135
           2     0.9932    0.9884    0.9908      1032
           3     0.9892    0.9960    0.9926      1010
           4     0.9889    0.9980    0.9934       982
           5     0.9910    0.9922    0.9916       892
           6     0.9979    0.9864    0.9921       958
           7     0.9856    0.9981    0.9918      1028
           8     0.9979    0.9938    0.9959       974
           9     0.9950    0.9851    0.9900      1009

    accuracy                         0.9931     10000
   macro avg     0.9931    0.9931    0.9931     10000
weighted avg     0.9931    0.9931    0.9931     10000


Confusion Matrix
[[ 977    0    0    0    0    0    1    1    1    0]
 [   0 1130    0    1    2    1    0    1    0    0]
 [   1    2 1020    1    0    0    0    7    0    1]
 [   0    0    2 1006    0    1    0    1    0    0]
 [   0    0    0    0  980    0    0    0    0    2]
 [   0    0    0    5    0  885    1    0    0    1]
 [   3    2    3    0    2    2  945    0    1    0]
 [   0    0    1    1    0    0    0 1026    0    0]
 [   0    0    1    2    1    1    0    0  968    1]
 [   0    0    0    1    6    3    0    5    0  994]]