Accuracy : 0.9929
Precision: 0.9929
Recall   : 0.9929
F1 Score : 0.9929
Loss     : 0.0738
Training Time : 2097.94 seconds

Classification Report
              precision    recall  f1-score   support

           0     0.9939    0.9949    0.9944       980
           1     0.9947    1.0000    0.9974      1135
           2     0.9971    0.9922    0.9947      1032
           3     0.9921    0.9960    0.9941      1010
           4     0.9939    0.9949    0.9944       982
           5     0.9888    0.9877    0.9882       892
           6     0.9958    0.9927    0.9942       958
           7     0.9893    0.9932    0.9913      1028
           8     0.9908    0.9908    0.9908       974
           9     0.9920    0.9851    0.9886      1009

    accuracy                         0.9929     10000
   macro avg     0.9928    0.9928    0.9928     10000
weighted avg     0.9929    0.9929    0.9929     10000


Confusion Matrix
[[ 975    1    0    0    0    0    1    2    1    0]
 [   0 1135    0    0    0    0    0    0    0    0]
 [   2    0 1024    1    0    0    0    3    2    0]
 [   0    0    0 1006    0    3    0    0    1    0]
 [   0    0    0    0  977    0    1    0    0    4]
 [   0    0    0    6    0  881    1    1    2    1]
 [   2    2    0    0    1    1  951    0    1    0]
 [   0    3    2    0    0    0    0 1021    1    1]
 [   2    0    1    1    0    0    1    2  965    2]
 [   0    0    0    0    5    6    0    3    1  994]]